A done
1
b done
[ -1.12757026e-15]
[  3.57353036e-16]
[[ -5.47608954e-16]
 [  2.50671864e-01]
 [  4.97390484e-01]
 [  7.36264958e-01]
 [  9.63528094e-01]
 [  1.17559582e+00]
 [  1.36912369e+00]
 [  1.54105967e+00]
 [  1.68869221e+00]
 [  1.80969307e+00]
 [  1.90215399e+00]
 [  1.96461680e+00]
 [  1.99609643e+00]
 [  1.99609643e+00]
 [  1.96461680e+00]
 [  1.90215399e+00]
 [  1.80969307e+00]
 [  1.68869221e+00]
 [  1.54105967e+00]
 [  1.36912369e+00]
 [  1.17559582e+00]
 [  9.63528094e-01]
 [  7.36264958e-01]
 [  4.97390484e-01]
 [  2.50671864e-01]
 [ -1.44381185e-16]
 [ -2.50671864e-01]
 [ -4.97390484e-01]
 [ -7.36264958e-01]
 [ -9.63528094e-01]
 [ -1.17559582e+00]
 [ -1.36912369e+00]
 [ -1.54105967e+00]
 [ -1.68869221e+00]
 [ -1.80969307e+00]
 [ -1.90215399e+00]
 [ -1.96461680e+00]
 [ -1.99609643e+00]
 [ -1.99609643e+00]
 [ -1.96461680e+00]
 [ -1.90215399e+00]
 [ -1.80969307e+00]
 [ -1.68869221e+00]
 [ -1.54105967e+00]
 [ -1.36912369e+00]
 [ -1.17559582e+00]
 [ -9.63528094e-01]
 [ -7.36264958e-01]
 [ -4.97390484e-01]
 [ -2.50671864e-01]]
0
50
(0.261287901483-1.02927304053j)
A done
770
b done
[-0.56133168]
[  9.36750677e-17]
(0.379132320589-0.958590471162j)
